elevare ad imperium 416, 00.
elevatio 113,10.

elevare — episcopus.

empturium 166, 00.
emunitas 0. 11001οα1110.

eligere, elegere, seligere 82, 0. 161, 10. enormiter consecrare 82, 0.
169111· 591111· 61111911· ⁸¹3¹ ⁸⁰3 enucleatim inquirere causam 8480.

0. abbatem 610010. 621. 168, 10
8511010. 856, 00, 0. adiutorem

enutrire 511, 10.

00000οω000οψὼώὼωηο0

0. cellerarium 1680, 0. clericos episcopalis, e: e. 0001011100 64110.

62110, 0. 0010000010 5601. 10.
5121. 10. 58110. 58110. 8211010,
0. famulos de familia ecclesiae
416,0; e. 1101100 testimonii boni
415,1, cf. 41110, 0. indicae 813,
10. 00. 8111, e. ministrae 510, 0010,
e. noterium 59110, 0. 00010100
animarum 30610, 0. patrem epiri·
talem 115, 00, 0. 0001160010 86,10.
88. 10. 821, 10, 0.0011011010285,10,

12210, 0. culmen 10100, 0. do·
mus 910. 2100. 23110, 0. 50001
11810, 0101101010 410‚1; e. liber·
tas 68010, 0. 0110101οή010 102,
10 10. 1011. 106, 0. 10. 1010, 0.
obsequiae 10110, 0. 01601010 10210.
101110. 811, ab. 8120, e. ordo
11810, 0. sedes 23111. 10. 61110,
e. vestimentum 810,10. - consequi
episcopalia 16100.

0. 0000100100 59110, 0. sanctos episcopatus 16110. 232. 26210 591100.
110,10, e. viduae 63010. - eligere 61210, 621110. 681, 10. 84110,

‚nonasterium 51910· 1801011· episcopium 1000. 100, 00. 10101.
villae 89110. - 010011 iudices 571, ,g ,0⁸ 5725, 5311, 591,,

110, 20, cf. 811115. 00. 814, 1, 0. 0
clero 286, 20. Ι

eliminare: 0. extra 01100110 mona·
eterii 4521010, 0. 0 consortio
catholicorum 141,1. - eliminare
· libellos paenitentiales 28110.

0110001000. elemosine.

eloquium: e. divinum 51210, e. sa·
{gum 11100. 66010, 0. Latinum

elymosina 1. 0101000100.
emancipari Deo 19210.

emendare = corripere 41, 0. 00. 48,1.
199, 0. 20010. 26010. 26202611.
2801. 28010. 29110. 29910. 46110
4111011). 41810 55610. 558, 10.
5111011). 5810, 0. religionem
Christianum 01, 0. superstitionem
53110, 0. vitem 283,1, 0. 00
26010. - 0100011010 = restaurare:
0. domus ecclesiarum etc. 169,1,
0. ecclesias 211, 10, 0. 10110 pisca·
toria 6920, e. 000100 41110. -
emendare = punire 262, 1011). 414,
seli). 5111011). 51810. 5121οι
0. adulteria ete. 110, e. secundnm
normam canonum 516,1; 0. rubore
sequestrationis 411, 10. 45010. -
emendare = 1101111001 comperiente:
0. 001 legem 200, 0. 10.

emendatio = 00110060 20110. 258, rol
26010. 21110. 21610 219, eo.
286, ee. 59110. 599, 00. 628, 0.
635, 10. 63110. 649, 0. 661, 00.
66810. 684, 0. 10, e· congrua 2120.
626, 00. 642, 0, 0. (1100063100, 0.
ecclesiastice 405,eo; 0. ecclesiae
31210. 411, 10, 0. morum 685, 10.
1911, 000000101001 209,eo; 0.
vitiscionia.

001010 253. 0. 64010. 851, 0, 0. bal-
samum 211010. 305, 00, 0. lumi-l
naria 211, 10, 0. 1000οἰ010 623,10,,
0. praedia 623010. 00, e. res pnn·‚
001010 2501. 29010. 298,1. 30210.
- emere donum sancti Spiritus
191110.

emolumentum mercedis 615, 0.
emptio 166, 00.

84110. 851, 10. 853, 0.

episcopus 111010. 1, nso. 1110. 9210.

34, 0. 10 35, 10. 96, 1. 40, 10. 401010.
44, 1. 0. 411. 48, 1. 51, 10. 10. 6010
61, 10. 621010. 621-10. 6210. 10
121110. 19, 800-ιο 81,1-10
8110. 881. 80101000. 9100
1421. 160010. 16110. 161. 110,
10. 10. 11110. 116, 0. 119,ιο 1911
19010. 1911. 19810 19110
20010 20101010. 20110. 20110
20110. 2110. 21210. 21000
211110. 2110. 22111010. 225,
1010. 24010. 24110 25010. 25110
25210. 21210. 21110. 2111010.

320300000420
iwmbwmffiwwfflm
mffimistmbwaffim.
560005ῊΛ.Μ10.Μο0
Μο5006806ΜΜο
608,10. 614,0. 619,10. 628,ιο-10
629. 633,10. 694,1. 696,1.0. 640,
emmffimnfflmssmm
fflmsswnmnfflmm
ὥ100.000.ω100.ω2
m.memwmmiQm
flummmffwmifflmfffflm

00100100100
leam. 184. 18110. leem. 192,

1 1010. 1921010. 19111010. 101

1010. 80110. 80111000. 8011010
808,10-10 80211010. 8111
8121. 1010, 811110. 815, 1. 10. 10
8111. 81800. 8211110. 82110
02110. 829. 890. 8311. 83010 10.
0811111010. 838. 830010. 842,
101000. 84110. 844-846. 848
-851, 853, 0. 85610. 851. 8501
10, 01110111588,0,0.0111101101011.Ι
218, 00. 591, 10, 0. civitatis 01001100,
11110, e. conprovincialie 16100.Ι
231110. 4511010. 46110. 5860,
0. dioceseos 51110, c. legitimus
3110, 0. loci 168, 10. 261110. 5920,

0. 100110001110001 161, 000. 20010.
201, 00. 21210, o. dc monasterio 13,
010, c. proprius 250, 05. 253,οΛ
2911. 29810. 361110. 42010, 511, 101
51210. 51610. 64210. 11110.
12210. 80210. 81210. 84010, 0.’

965

provincialis 460, 0. 10, 0. provintiae
168, 1, 0. religiosus 68100, e.
reverentissimus 80,1. 0. 88110, 0.
sanctissimus 80, 0. 85, 00. 89,10.
neaman 0. sanctus 5100, 0.
subiacens ordinationi sedis epo·
0101100012010, 0. subiectus 4110,
0. suffraganeus 8000 81010, 0.
venerabilis 83,10. 22110. 482,ιο
5901. 58110. 585, 40. 181, 00.
82010, 0. venerandus 48210, 0.
vicinus 18, 1. 0. 0210. 6210, 0.
vocatae 6210. 101. 2821. 8021.
83010. - episcopus 01 abbates
4110. 501. 6110. 1210. 9010.
10110 10110. 10010 16010.
201, 00. 00. 231-234. 25110. 264, 1.
605,1. 63110. 8510000, 0. 01
abbatissae 58,1. 109, ι.0. 1111.
2101010. 2811010. 28110 29010.
638, 00, 00111110001121210. 216,10.
51210. 5160, 0. 01 archidiaconi
21100. 62800, 0. 01 archipresbyteri
200,10-10 212, 0, 0. 01 erchi-
mandritae 10100. 1911, 0. 01
canonicae 4501000, 0. 01 canonici
251, 0. 26210 26010. 261, 1. 0.
28010. 304, 00. 412, 00. 640,00, 0.
01 0101101, 010100 11010. 18, 1.
08, 0. 16010. 169, 0. 10. 19210 200,
10. 10. 21010 26810 29010. 2911.
36010. 06110. 36110. 86010.
5111010. 518, 0. 626, 0. 635, 00. 10,
0. 01 clerici laicorum 6211000, 0.
01 0101101 vagi 26110, e· et comites
16110. 25110. 2521. 26210.
21110. 2911. 29010. 290110.
50110. 64110, e. et corepiscopi
629, 00-690, 10, 0. 01 diaconi 18,1.
16010. 19110. 1911. 20010.
2500. 28100. 56810, 0. 01 exor-
010100 30110, e. 01 10101000 acce-
dentes ed altare 640, 1, e. 0110011010
religiosae 5101010, 0. 01 laminae
tenentes 111101 ed confirmandum
2121010. 3001, e. et 10101000
velantes ee 63810. 639, 1. 0. 612, 00,
0. 01 girovagi 200,te; 0. 01 in·
cestuoei 21210, e. 01 iudices 2521.
26210. 21610. 2911. 290111.
005,ος 0. 01 50101100 20010, es.
621, 10. 00. 101, 0, 0. 01 laici 26210.
290101 0. 01 (10101) dantes ecclesias
0101501011128210, e. et laici eicien-
tes de ecclesiis presbyteros 250, 00.
294, 00. 299, 10, cs. 412, 0, 0. 01 metro·
001110001568,10.594,1, e. 0110000051
16110. 2510. 26010. 2610. 29110.
5121. 6311010. 68110. 8310.
85010. 1010, es. 64010, 0. 01
01111000 0001001001101201.00, 0. 01
00000100 etc. 216,10. 2811000.
2801. 291010 64110 10110, 0.
01 peregrini 20010. 28110, e. et
potentes constituentes, expellentes
presbyteros 4120, c. etpresbyteri
3,1s.eo. 4,10. 1010. 101. 9010
411000. 16110. 11010. 19110.
1911. teano. 19210. 2001010.
2011010. 21110. 25100. 26810.
21110. 28210. 28101010. 28110.
29110. 2911. 29110, 90110. 30010.
56010. 511110 5111. 5111010.
63100. 61210. 11140. 11110, 0.

 

