996

76250. 7.98,1. 82250. - sanccita
canonum 21, 5.

sanctificare 73215, 5. Deo 7321.
74215, 5. 6055115 7521, sanctifi·
cari aqua 175, 25. 50.

sanctificatio 6015111155 73215.

sanctimonia 46220. 46215.

sanctimonialis, e: s. femina 21, 5.
213, 5. 5525, s. habitus 63210. -
sanctimonialis, sauctae moniales.
9215. 20255. 2121510. 2121.
256, 15. 26215. 264. 295, aro. 15.
422, 55. 43210. 44225. 44210. 444.
445, 5. 446, so. 15. 447. 448, 1. 5. ss.
449. 450, 1. s. 50. 451. 452, 5. 15. ss.
454, 5. 15. 10. 455, 1. 15. ao. 461, 15. ss.
462510. 46315. 59210. 6221.
637, 5. 10. 638, rescae. 640. 67215.
713, 50. 7121, 5., quae se canoni-
cas vocant 28210, 5. 55505155
degentes, viventes 313, 55. 42250.
454, 1 , 5. 15 societate viventes 44220.

sanctio, sanccio 4521. 46255, 5.
canonum 16215. 70255. 72225,
511651 16210, 5. patrum 190, 5.

sanctitas 284, 5. 446, 5. 625,ao; s. apo·
5101155 39, 50, 5. incerta 39, 25, s.
orthodoxa 5221, 5. 55615 52210,
5. simulata 444,5, 5. vitae 52,1. -
sanctitas = mcliicpisoopm 458, 2555.
46215, 5. = episcopas, episcopi 4210.
43, 5. 4210. 191215. 55215. 55210.
5525, 5. =popa 40,15. 534. 5525.

sanctualia 40, 25. 4210.

sanctuarium 95,1. 739, 5. 740,1.15. 55. ·
741, 15. 74215. 7421550. 750,1..

sanctus, a, um: 5. altare 63220.
64215. 81215, 5. ammonitio 26210.
262, 5, s. angeli 49220, 5. 550515·
tatus 2121. 36,5-15. 40, 55. 41,
1. 1520. 42525. 43,1.5, 5. apostoli
3255 , s. auctoritas apostolica 793, 5.
8021, 5. 1155115155, baptismum
17215. 556, 5, 5. basilica 2425,
5. 55115555 17, 5. 82, 5. 254, 50.
27215 55215, 5. coepiscopus
81210, 5. 5015155510 3625, 5. con·
cilium 51, 25. 82, 5. 208, 5. 20215.
215, 5. 263, 5. 45225. 769, 20,
609, 15. 8422590, 5. confessor 4, t.
61215, 5. congregatio 20215, s.
conventus 16220. 3121520, s.
conversatio 195, 10. 267, 10. 405, 5,
s. 5515115 Christi 617, 5, 5. 5015115
1111155111 820, 25, s. crux 500. 549,
20. 25. 55240, 5. desiderium 462,³0;
5. devotio 46215. 46210. 66210.
67215. 706, 20, 5. 6155 643, 40, s.
dies dominicas 55250, 5. 655101
14220. 154,1, 5. dogma 58210,
s. ecclesia 19, 5. 20, 5. 221, 30, 20.
49, 55. 15. 44. 49,10. 5215. 69, 55.
70. 8210. 62, so. 83, 1.5, 9210.
65510. 625, 621. 122, 50. 13225.
13225. 14250. 1425. 14515.
15255. 15215. 1521510. 156,
1-15. 15255. lotas-ao 18255555.
16255. 163, 5. 1921550. 16525.
173, ss. 175, 50. 176, ss. 1925.
19210. 20215. 204, 20-50. 207,
15. 10. 20610. 21215. 213, ss. 227,
1.5, 252110. 2601. 26210. 2621.

sancire - sanguis.

26515. 291, 50. 3121555. 31215.
39210. 397, 5. 3025. 40250. 44210.
47215. 4825. 46210. 49210. 49255.
50215. 522, 15. 15. 55. 524, ao. 52555.
526, 5. 15. 5221-10. 528, 5515. 529,
sose 530,1·10. 531, 10. 534, 50.
551,1. 5925. 6025. 6125050.
62215. 625, seso. 6221050. 66215.
66121. 67250. 675, 5. 6825. 6825.
70515. 70551015. 70220. 729,
5510. 72215. 73215. 74210. 74215.
745, eo. 74210. 750550. 75210.
761, 15. 766, 10. 7621050. 789, 1. 5.
79250. 70215. 80250. 804, 5. so.
620, so. 55. 626, 15. 10. 8421. 656, 5,
5. 55515515 regalis 85210, 5. 551-
scopus 51, 20, 5. evangelium 167, 20.
2825, eleusina 45220, 5. fides
25215. 25, 5. irater 79525. 79250,
s. habitus 10220, s. imago 8225,
5. largitae apostoliea 79225, 5.
105115 7, 5. 66,25. 621555. 621.
262, 50. 620, 55. 85215, s. martyr
4,1. 621515. 62155. 90,15.
49220. 76240. 61250, 5. mater
ecclesia 8121, 5155150115 481, 50,
5. 510511515111151 6220. 68, 15. 25,
5. moniales 9210. 20225 2121.
256, se. 461, 15. 63215. 50 (.
sanctimonialis); 5. 150155 24210,
5. nomen 6215, 5. 501 19220,
s. oratio 15255, 5. 0165 62, 5.
16210. 79250, s. oleum 175, 25.
710,5, s. papa 22510, 5. pater,
patres 13, 5. 1210. 221. 4251525
4515. 5115. saa. sais. 52111
68, 5. 8251510. 9515, 112551
11210. 140, 55. 143, 55. ss. 15, 1421. ;
1421. 152510. 155,5. 1521525.
1521550. 162110. 1621015.
1921510. 204, ao. 2221510. 222,
1. 15. 236, so. 242, 55. 24210. 25255.
25515. 25215. 262, 25. 287, 5. 312,
ss. 15. 313, 5. so. 394, 25. 3921. 15.
3921510. 400, so. 405, 5. 41215.
sisso. 5151. marmaredae.
44210. 15. 44215. 44510. 45210.
4525510. 46215. 4621555. 49210.
48215010. 49215. 489, so. 49250.
50215. 52210. 5225. 52210. 5325.
53215. 53515. 5321. 551,1. 5625.
59215. 609, 1. 5. 61255 61250.
8221. 626, 5. 632515. 835, 5.
63250. 83210. 858, 5. 739, 5. 74215.
759, 5-15. 762510. 778, so. 601, 55.
6021. 64215. 85215. 8521, s.
paternitas 535, 5, s. 5515220, s.
plebs 51, 20. 5221, s. pontifex
92, 20, s. praeceptum 645,1, 5.

515565155501 6821, 5. praedicatio¹

266,t. 30250, 5. praedicator 12225.
166, 20, s. principes apostoli 10, 5,
5. principes apostolorum Petrus 51
Paulus 13,10; s. professio 266, 25,
5. propositum 40215. 44215, s.
prothomartyr 625, 5. recordatio
821. 9215. 9215, 5. regula 3215.
6210. 21210, 2121. 26215. 26215.
266, 20. 55220, 5. religio 442, 5. 20.
46210. 63210. 68210, 5. reliquiae
47290, s. res 7125, 5155111155115
200,1s. 825, 5. 82215, s. rex
76220, 5. sacerdos 51, 50. 642, 20.
61210. 6221. 67250. 63215, 5.

sacramentnm evangelii 160, 5. 10,
5. sacrificium 52, 25, s. 5511515111
425, 5. scriptura 56, 25. 142555.
154,15. 15510. 16515. 1721. 1925.
23250. 274, 15. 29210. 15. 28210.
285, 5055. 301, 5. 313, 55. 39210.
999, so. 403, 15. 40215. 40215.
41215. 4521. 45255. 48215. 4621.
7125. 730, 5. 77250. 79515. 80210,
5. sedes 7210. 8210-50. 621015.
203, 50. 2525. 52215. 525515.
53210. 797, 55. 812, 50. 82210, 5.
solemnitas 5215, 5. synodica 1021,
5. synodus 51, 20. 93, 25 9225.
1421. 1621555. 1625. 16210.
171, 15. 21215. 2121. 29215.
27220. 479, 25. 586, 55. 58215.
82210. 927, 15. 5515. 84210. 50, s.
templum 7921, stempas quadra·
gesimse 7221, 5. tractator 153, 50,
5. trinitas 21225, 5. urbs 121.
36, 5. 4225, 5. 51115 metropolitana
82210, 5155 155,o; 511149220.
626, 1. 20, 5. 1111115 414, 5. 45220,
s. vita 2425. - 55551155115115, a,
111515. almitas 8210, 5. apostolus
3220, 5. archiepiscopus 38, 5. 4210.
9210. 5821, s. aures sacerdotales
156, 25, 5. canones 61215, 5. 505-
5111551 165, 50. 166, 1, s. confrater
82215, 5. consacerdos 621, 5.
corpus 621, 5. decretum 16215,
5. 6515110 4621, s. doctor 15215,
5. 11515555 5325, 5. 5515505115 1255.
22, 5. 2210. 3255. 421055. 41,
1510. 4251515. 625. 621. 9210.
8215. 5825055, s. frater 17, 1.
3210. 421510. 4210. 821, 5. 15·
gatus 49, 50. 15. 5825, s. memoria
6210, s. 1551155011151155476,20, 5.
papa 221. 221. 37, 25. 38. 5.
42515015. 4251510. 42, 43, 5.
6210. 621. 9225. 20215. 20215.
240, 50. 47215. 560, 50. 55. 599, 5.
5725. 58215, s. pater, 5111155 65,15
8215. 9210. 16215. 1651025.
47250. 5625. 5510, 5. 5511115 62215,
s. pontifex 82510. 91, 5. 92. 52250.
525, 25. 624, 90. 709, 5-15, s. praesnl
62, 25. 8225, 5. praedecessor 9220,
5. 51155555 apostolorum 4721510,
5. 55551605 2421, 51116210. 6210.
44225. 56515. 70215. - sanetus,
sancti 3,10. 4,t. 34.t. 421590.
60, 15. 65, ss. 66, 5. 10. 15. 97, 5-15.
68, 5. 50. 625. 821. 6251515.
92515. 9210. 113, 55. 15210. 1925.
17220. 2721. 27220. 2821. 304, 55.
47250. 46210. 20. 48210. 4921.
48215. 46215. 4921515. 5021.
52215. 53210. 549, 25. 5525. 58215.
61255 62215. 68555. 6821015.
6921. 7325. 76215. 78515. 79510.
767, 25. 6221515. 826, 1. 10. -
sancti = episcopi 795, 25, 5. == scrip·
tores ecclesiastici 221, 15

sanguis: effusio sanguinis Christia-

nornm 015,so. - adfinitas san·
guinis propinqui 191, 50. - sanguis
Christi, 6111555, Domini, dominicus
121. 16, 50. 5255. 19210. 269,
515. 301, 1. 304, 5. 63220. 64210.
64210. 672, 15-15. 677, 1. 711, 10.
744, 10. 77015

 

