964

3086. 90818 e. baptismalis 23810.
4781. 59818 0. matrix 7881898
0. 01111 monasterinm 45818 0.
nova 29898 0. propria 2686.
2988 0. regalis 35898 0. sancta
5816. 70890- 0001011οε10001001·
...- 0 moerens 1000000.
diocesis episcopi 001 provincia metro·
politani 881890. 8890 (i). 9810. 159,
084868ω68ῌ988
18881). 1981. 18816. 90816. 2186.
2986. 9481. 964, 6. 28810. 977,
610. 288, ι. 286, 6. 90810. 9189611).
4586 57810. 57810. 5881990.
699, 16. 1010. 8986. 66810. 681, 10.
63816. 08816. 6886. 6881610.
70816. 71810. 76816. 770, 60.
773, 1. 77816. 16. 779, 10. 789, 16.
7886. 80810. 80816. 80810, 9086.
81810. 81810. 81816. 81816. 815,
16. 10. 81816. 89810. 83816. 83811.
83816. 84810. 8481611. 846, 1. 6.
848619. 858616. 852, 18 e. cs-
thoiica 131, 98 e. civitatis 3488
01111101 7386. 811, 6. 10. 81810.
83810. 837, 6. 10. 898, 161010.
839, 6. 84810. 8481 848, 610.
848, 98 0. metropolitana 83818
0. orthodoxa 176, 98 0. principalis
797, 98 0. propria 568, 1.6. 90. 5781·
0000011 4896. 60. 44. 6896. 70.

ecclesis — 0101001101.

145, 66. 159, ss. 15816. 156, 16. 10.
1581-10. 15816. 1881016861616.
16810. 163, 6. 164, ss. 90. 18816.
17816. 194, 6. 90810. 90810. 91816.
958, 1. 10. 97810. 9881. 98810.
9881. 98811. 99810. 919, 10. 96.
31816. 39810. 3986. 8986. 40810.
447,11. 471, 16. 4886. 48890. 49816.
506, 16. 599, 101610. 5981010.
59816. 598616. 59810. 5981610.
599, 10. 5381. 10. 59810. 59810.
551, 1. 599, 6. 601, 6. 610, 1010.
69810. 8981610. 89810. 10.
68816. 8881. 67860. 8786. 6886.
684, 6. 70816. 706, 6. 10. 16. 793,
1060. 79866. 79816. 74810. 74816.
746, 10. 74810. 750, 6. 10. 769,10.
761, 16. 768, 10. 767, 1010. 79810.
787, 16. 80810. 804, 610. 868, 8
0. 1111110116, universalis 131, 96.

98810. 98810. 98816. 9981. 30810.
4781. 58810. 894, 101610. 70810.
7986. 74810. 7681018 0. ritus
3088 0. sacramentnm 3188 1.
111101 7388 1. stipendium 99898
444, s. 44816. 447,1; 0. subsidium
41818 0. sumptus 31816. 99898
0. thesaurus 52818 0. traditio
64898 0. 0111193818 1. 01111111
171, 90. 24810. 6286. 63810.
67816. 79868 0. vestimentum
34818 0. vigor 67818 0. 111
51,16. 2381699. 91816. 47816.
722, 1. 8 0. 111101 53810. -00010-
1111111001, ecclesiastici 16816. 293,
1016. 90816. 38816. 489, n.
72896. - ecclesiastice 581.
45810. 78816.

eclesia 0. 00010111.

145, 35, 154, ,6, 156, 10. 108, 20. 0010111100010. 00010111111001.
1589816896.168902289822810. edere = ‘essm' 25810. - 00010

991, 10. 50816. 59810. 59816.
52896. 524. 52889045. 5981.
53896. 59896. 61890. 77890.
323, 6. - ecclesia = 0011000901 dur
minum 110 0001111001 spectantium 129,

= promuiqcre: 0. 1010101101 in·
stitutionis canonicae 45818 s.
statuta 82816. - 00010 snb·
scriptionem 7981868 0. snb·
scriptionem publicem 787, 96. 10.

610. 20810. 80890. 810,s.20. edicere, aedicere 3810. 3810. -

mmm

’ (ecclesialis), 10010011111 pecunia 810.

176, 96. 19810. 207, 96. 211, 96. ecclesiasticus, eclesiasticos, 100010-

739, 1. 6. 32816918 0. 6011101 mo·

siasticus, ecclesiaticus, s, um: 0.

00101010 64810. 31898 0. 01
denariis 16898 0.0οη101110111313,96.

0111010111 0. edicere.
edificare 0. 0001110110.

01010111 64898 01106111 79896. auctoritas 1681. 31816. 5781890. 61100079 2181· 56816. 81813 e· or·
- 00010111 = 11001 pontificis 110- 015, 90. 629, 1. 6. 641, 90. 649, 1. 10. dinem vitae regutaris 21818 snb·

010111· 8816. 8816. 8816. 698617).
890, 6. 1198169010. 89816. 8588
e. apostolica 481. 6896. 3890.
83, 6. 90819. 2081018 e. catho-
1110 481. 8816. 8810. 90816.
20898 e. sacrosancta 32, 96. 10.
3810. 3898 e. sancta 186. 286.
9810. 8816. 7816-16. 8810. 89, 20.
8816. 8810. 85, 6. 10. 886. 881.
160, s. 903, 16. 9081016. 997, 1. 6.
48810. 597, 6. 59816. 896, 1618
0. 0011011οΙ10 82, 90. 6816. ·- ec·
0101111 = ί11110119 als 0190000909.
1101011119νώ0 01101· 1111901ηεί00 Κ11010’
8116. 186. 386. 4816. 57,
1619). 8810. 15816. 169, 96. 170,
soit). 188619). 18810. 198619).
19811. 99816. 9981. 93816. 2581.
95816. 261, 10. 2881. 98890. 23816.
39810. 34810. 95860. 38810. 3886.
99810-10. 988. 402, 6. 40816.
44810. 471. 10. 479, 101016. 4881.
5981610. 59816. 531, 10. 543, 6.
55810. 57810. 59816. 59810. 607,
ι6.10. 81810. 6986. 69816. 89810,
8381. 635, 616. 63810. 64810.
66816. 669, 16. 68810, 688, 90.
71816. 71866. 719, 6. 7986. 74810.
74816. 75816. 76816-16. 768116.
7681-6. 769, 16. 20. 779, 6. 1610.
7781. 780, 20. 79816. 80810. 8381.
3588 0. antiqua 536, 98 e. apo·
stolica 28, 1. 4810. 13816. 497, 98
0. 0011101106 281. 486. 4810. 123, 5.
13816. 15896. 201, 10, 20890.
95816. 48816. 48816. 5081059810,
759, 6. 10. 79890. 34818 e. 011110-Ι
doxe 141, 1; 0. sancta 281. 49,10.·
19810. 1381613816. 14810. 1486.Ι

7981. 80898 0. beneficium 271, 10.

100101 5581016.

991. ¹· 303,1s; θ· 9911011 199100810011111101011116, 000101110692,

19898 0. 0600067868 0. con·
cordia 798, 96. 30898 0. consortium
192, 98 0. 0001001000 1581. 98816.

1610. 688, 1.

effigies sanctorum 81, 6.

98810848180.611111611160,1,ιο; effodere: 0001110111 alterins 100,1;

0. 001101 77818 0. 0011180898

e. sepulchra martyrum 66, 90.

0. dignitas 17816, 458, 20. 89810. effusio sanguinis 87890.
791, 13 0. disciplina 1584825816. egem 345, 35,

411, 86. siens. 56890. 57816,

egredi 29818 e. foras, 0 claustris,

ss29›¹⁶· ⁶742⁸⁶· 705¹¹⁶3 θ’ (100101 00 monasterio 001 emittm 21890.

1686. 181, 10. 59810. 59818
0. doctrina 17898 0. emendatio
40818 0. 1110111113981818 0.

Μ8οΜ8Μ88ῃ
Qmfflmmn

ias 506, 98 0 10101118818 0. fides 93111990 ²²· 9937119110·

2488 0. gradus 25810. 288810. 01101οι 0. extra claustra monasterii

3081. 41810. 615. 8188 e. 4581898 011100001101010101111-
honestes 676, 98 0. 110001 62816. 110110 843, 6. 10. 8488 1. presby·
6386. 67890. 676, 90. 6788 0. 1010108111000101111250,96.268,10.
1010010111 966, 8 0. 101 81. 5386. 29890. 29816. 309, 6.

69896. 62810. 70816. 7188 0108080 1149,,,

100110190818 0. ministerium 3,20. olatio 239 ,⁹ 405 ,⁶⁸
mmmmammwnwwmfflmj

necessitas 34,1i.1t. 79898 0. 110- , ,
eiectio, 0100010 881. 61818 0. sb·

gotium 711, 90. 329, 6. 948818 0. , , ,
mmmnwwmnffim¹fflffifflfflffimmmw

289,20. 2904, seen. 4022& etesiae 010. 9188 0. pontificalis,
wemnemmmm;wfflmwmfflQffiQffl
θ, ordo 7,1. 190⁴ ,0, 201, 2020. 881. 8818 0. sacerdotis 61898

tomo. 059, 1, 521, 20. 5223st decretum electionis 888890.

57810. 67810. 884, 86. 70890101001011110, 0111101101, elymosina, aeis·
70816. 71896. 8381. 34898 0. mesina, aelimosina, aelymosins
01801198680111101778800111 5896. 5896. 581. 1086. 16810.
598180.010011101636,1;0.0110· ’19810 20810. 20816. 20810
110100179898 0. ρ111110119196,98; 21896. 2381690. 257, 890. 2811.
0. princeps 851,1; e. professio? 90962381. 2381. 906, 6. 3986.
15818 0. 1031119381. 2118186288 tenne 401, 1. 40816. titis.
e.reiigi02,20.452,20;erepetisioist, 44896. 4481. 61810. 6181.
10, 01019816. 581016. 2681616. 689, 6. 88811. 8681.

 

