canonica 11. canonicus.

canonica = collegium carroaioorum 789,

116. 791,6.

6111661611, 1, um: c. abbas 594,1.
676,16. 71066, 6. auctoritas 105,6.
1761616. 19611. 3166. 4121.
569,16. 570, 6. 574,16. 594, r. 595, 96.
604,16. 615,16-16. 622,1. 62366.

6111611161 - castigare.

568,16. 572, 96. 574, 6. 576,16, 6.
manere in suas ccclesias 167,6,
c. militaro Domino 401,1, 6. oboe-
dire 267,16, 6. proclamare 815,10;
6161661166 episcopum 792, 66, 804,
96, 61111666 171, 1. 262, 96. 264, 16.
267, 6. 398, 16. 416, 6, 447, 1. 452, 6.
454, 1. 461, 96. 96, 6. vocare 792, 66.

951

537,16. 55616. 59016. 609, 6.
642, 16. 646,16. 657, 16. 668, 1116.
67616. 676, 1. 706, 66. 70816.
714.16. 723,16. 76616. 841, 1. 11 -
capitulum = cupiarlars 165, soff).
166,16. 66616. 671,16. 677,1. 679,
1616, c. magnificum 257,16, 6. ,1111-
simum 258,1.

628,46. 620. 63016. 633. 635,66.16.
6661. 668,1.6. 641, 1. 16. 649,1.
67616. 676, 10. 676611. 76266. 711,16,
722,6.16. 1911679116, 6611116111
3, 20, 6. censura 415, 6. 624,1.
631, 96. 641, 6. 66, 6. 61611611
199, 96. 262, 96. 289, 66, c. collegium
420,66; 6. congregatio 399, 96. 400,
61696. 411,1. 416,1. 415,1, 6.
consuetudo 122,46, 6. correctio
642,16, 6. correptio 637, 66, 6.
61111ο1111 267,16, 6. (11111111679716,
6. damnietas 17,16, 6. delinitio
190,6, 6. disciplina 17,6. 26616.

573,6. 707,16. 718,96, c. ditio cantare 72, 66. 241,6·-16. 243. 241,

190,16, 6. excommunicatio 170,6,
6. formula 173,96, 6. gradm 46,16,
6. 11611 199,16. 266,1. 289,1616.
4061114061. 468,1. 411,1. 42016.
446, 6. 4481616. 450,1. 455,16.
626,96. 815,1, 6. institutio 169,16,
170, 6. 232, 66. 2331. 255,16. 28616.

2681. 316,1. 697, 11116. 416,1. cantatio 101.
4201 10· 4001 ²⁶· 00· 0921 ¹⁰· canticum 420,16, 6. hymnigerum

61616. 63616. 646, 66. 641,16.
711,16, 6. institutum 415,16, c.
interdictio 707,16, 6. interminatio
624,6, 6. iudicium 34,1. 624, 6.
635,6; c. ius 3,16. 35,6. 39,16.
630, 66. 633,16, 6. lex 421,6. 635,
16. 16. 646,16; 6. liber 25616.

287,6, 6. licentia 211, 66, 6. litte· 0011101011· 7011 ¹·
rae 613, 16,. 6. mandatum 590, 96, cantus 199, 66. 409, 66. 414,16. p
c. monasterinm 282, 1. 582,16; c. capacitas 460,ng 706AE

mos 629,6. 635,66, 6. norma 171,1,
6. 6516611116 170, 96, 6. 6111161116
167,16, 6. 6616 251,6. 267,16.
2961. 399, 6. 40616. 692, 6. 614, 16.

617,16. 629, 16. 640,66, 6. paeni·

tentia 11111. 616, 16. 66611111111111111 cappellanus: 0· 111111·

638, 66. 685,6, 6. presbyter 640, 96,
c. professio 616,16-16. 459,6, 6.

propositum 640,6, 6. regula 142, r· capere 692, ιο. 824,16, 826, 6, 6. be·

282,16. 286,16. 6366, 6. restitutio
797, 16, c. scriptura 274,16, 6.
sententia 17, 6. 277, 96. 289,16.
710,16. 830,1, 6. secentas 282,16,
6. statutum 707,66, 6. syllabae

1101111 ⁰· 011100 00101 ⁰· 01· capitalis, e: ..111111161116166

aaa 11111, c. 1111 161, 16. 111, 11.

267,16. 28366. 394,96. - canonice , . ..
459,1.711,6.766,96.806,16,6.61 capitulare 108, 96, 6. dominicum

legibus 836,ss. 3181616. 849,1.16,
6. absoluere 806, 66, c. attribuere

cantilena 414, 96. 1

capella 692,0; 6.,11111111 1161116616,

caperona 863,1.
capilli 4,1ο. 30, 16. 40,16. 46, 16.

804,so; 0 vocare 60 synodum cappellanus 6. capellanus.
813,16. - canonicus, canonici

169, 1. 214,1. 2361616. 261, 6. 16. , ,
1611111661 1661611. aar, 1. 1. 1111111 3001.

capsa 844,16.

16111. 11611. 1161. 1. 111, 1. 6161111111 826111

302110- 304110· 3001110· 312110· 616114,16.67,16.479,6,6161111111
31316. 30111010 asama. 100110 16,16. 12,16. 16,6. 16,16. 61. 6.
401110 402· 40411010 4115111010 32,16. - caput ecclesiarum 82, 66.
468,1. 411,16. 412,6,113,111.416,16. 16616, cs. 618,66. - caput =
41611116. 418,1. 16. 16. 4661616. ,afflatum aa, 1,

091110· 0001011· 3²7r¹¹ 0301 ¹⁰· 000116116614 616. 39 16. 173 66. 209 16.
1. 1. 16. 6111. 1111116. scam* ' ’ ’ ’
832,1. 834,1,6. -
canonicae 284,16. 640, 6.

cardinalis, e: 6. 1111661161 86,16. 88, 6,
c. presbyter 86, 96. 88, 6. - cardi-
nalis virtus ecclesiastica 562, 16.

caritas = 1117661111 207, 66. 211, 6.
411,11, .·. missam roe, 16. 116111 ἓξὲξ lo. aiif’li‘nifl 101· 421ἆῖξῖ

1113, ..1111111161 ⁴⁴⁶» ¹· 111 a ⁴⁵0, ⁶· 1111·

97, 6, 6. psalmos 833,16, 66111·
teria 97,6. 10866, 6. symbolum¹
249, 1. 244, 6-16.

canonica,

116. 285,1. 408,16.469.1.16.411,1.

4711111. 497,1ο. 520, 66. 521,6.16.16.
52616. 16. 524, 1. 16. 52616. 526, 6.
560,16. 532,16. 610,1. 625,6. 627,16.
· 649,16. 651,16. 656. 674,16. 678,
1616. 85616. - caritas = ‘Terre-
16191 166,16.

643,66, 6. inlecebrosum 211,16; c. Ι carius vendere 275, ¹·

luxuriosum 272, 6. 16. 304,66, 6.

obscenum 610,10; 6. saeculare 191, l ⁰⁸¹¹¹¹l¹¹fl ¹⁰⁰0 ¹⁰·
1616, c. spirituale 66, 66. 191,16, 0011111111 fl: c. affectus 750,1, c. 1111.

1. turpe 111. 1. 11. sus, 16. 616111 1011 400 11· 018111 0· 1111111 0611
¹ c. commixtio 212, 66. 671, 1, 6. con,

= cupias-entia 264,16, 6. 6661116116
l 251,16, 6. delectatio 444, 6. 639,16.
657,16, 6. incentivum 624,66, 6.
opus 194, 66, 6. ρ1166611161652,66,
c. voluptas 674,96. - carnaliter: c.

, , custodire, observare sabbatum 643,
6. palatina 676, 66, 6. regis 170, 6,,

aediculae, quas 111111 inolitus capel·¹ 1⁰0. ἰξὲθῐῒ §gfff ssffibfflom 0101001
lampernessam. ' ¹ ’ · 1 ·

caro 268, 6. 214,1ο. 264,16. 26616.
280, 16. 286, 16. 365, 6. 16. 397,16.
447,16, 6. quadrupedia 211, 1. -
caro propria = 66111116 558, 96. -
cairo Christi 776,16.

carpentarius 693, 96.

carrigatio 643, 66.

carrum 691,6. 69316.

carta, charta, karta 94, 6. 681,16.

84316. 848,16. 851,6. 853,6. 86016,
6. commendationis 844,6, 6. de

ratoris 232,1, c. presbpter 3,16.
231, 96, 6. senior 848, 66. 850, 6.

ruditatem defuncti 192,16, capi in
scelere suo 103,1.

10316. 479, 1.

6. sentencia 853,1.
conventionibus 844,16; 6. dona·

tionis 844,16, 6. largitionis 689,1,
{bonignam 857,66, 6. synodalis
, .

291,s0; 298, 1. 6. 16. 2901616. 306,
1. 16. 66. 301, 16.

facultatem rerum 571, 6. 16, c. con· capitulatim 100101 ⁰· 1011011110 00011· emula 851,10.

struere monasterium etc. 576, 6, 6.

6661611111 290,6, 6. convocare ad capitulum 10,1.16.16. 12,1-16. 13,

conventum synodalem 795,16, 6.
decernere 82, 6, 6. degere 313, 66.
422, 66. 59066, 6. degere in col-
legio 459,16. 461,16, 6. degere in
societate 461,16.16, c. degradare
presbyteros 281,16.66, 6. deicere
6611666661797,16, 6. eligi 169,16,
6. excommunicare 813, 96, 6. fungi
officio suo 218,00; c. iudicare

008110· cissa 1161 232, 96.

616. 14, 11. 1611616. 16, 6. 17,1. 0111111 01110· 19111·

16, 1. 6. 16. 19,16. 22, 6. 29,1. 9216. casata, casatum 7,16. 100, 1. 16.
143, 40. 165,20. 193, lb. 1911, ³0. matum meum·

20816. 234,16. 24316. 249,16.

1611111. 161, 6. 166,11. 161, 11. 00000 00010·
114,11. 116, 11. 161111. sora. 1111111111 411111·

31316. 618,16. 698,1. 414,1. 441,11. 1 castigare 466, 16. 411, 16. 456, 16, 6.
442,16. 443,1. 444,16. 459,1. 460, 6. delinquentes 420,66. 451,1, 6. rap·
47116. 476,1. 481,16.16. 62616. 1616111611111111616. 723,6.

 

